HPWL 1.48414e+08
SOFTMODULE 15
COM 1
COM 4
10645 6205
7571 6205
7571 9459
10645 9459
GPU 6
GPU 12
4598 8439
4608 8439
4608 6810
4598 6810
4598 5098
4467 5098
4467 4465
239 4465
239 7800
620 7800
620 8939
4598 8939
CPU 4
CPU 10
5099 1893
5100 1893
5100 0
619 0
619 1500
620 1500
620 3300
619 3300
619 4465
5099 4465
NPU 4
NPU 8
8320 2989
7634 2989
7634 1893
5099 1893
5099 4465
5100 4465
5100 5325
8320 5325
IS0 3
IS0 4
10646 0
7634 0
7634 2989
10646 2989
IS1 1
IS1 4
10626 2989
8729 2989
8729 5362
10626 5362
H0 1
H0 4
6205 6810
4608 6810
4608 8439
6205 8439
H1 1
H1 4
6080 5325
4598 5325
4598 6810
6080 6810
H2 1
H2 4
7571 6787
6206 6787
6206 8399
7571 8399
U0 1
U0 4
5380 8439
4747 8439
4747 9072
5380 9072
D0 1
D0 4
6275 8439
5386 8439
5386 9339
6275 9339
D1 1
D1 4
8304 5325
7394 5325
7394 6205
8304 6205
E0 1
E0 4
7561 8541
6276 8541
6276 9826
7561 9826
A0 2
A0 4
5100 4465
4467 4465
4467 5098
5100 5098
PW0 1
PW0 4
7393 5446
6080 5446
6080 6787
7393 6787
