BLOCK 34
3000 2700
GPC0 341718 171 262 617 555 SOFT_BLOCK
1 0
171 262 617 555 BLOCK
GPC1 341718 811 52 617 555 SOFT_BLOCK
2 1
850 52 578 98 BLOCK
811 150 617 457 BLOCK
811 52 39 98 OVERLAP
GPC2 341718 946 680 617 555 SOFT_BLOCK
2 1
1016 942 547 293 BLOCK
946 680 617 262 BLOCK
946 942 70 293 OVERLAP
GPC3 341718 1583 676 617 555 SOFT_BLOCK
2 1
1583 1139 381 92 BLOCK
1583 676 617 463 BLOCK
1964 1139 236 92 OVERLAP
GPC4 341718 1721 52 617 555 SOFT_BLOCK
2 1
1721 475 497 132 BLOCK
1721 52 617 423 BLOCK
2218 475 120 132 OVERLAP
GPC5 341718 2218 475 617 555 SOFT_BLOCK
2 1
2338 475 497 132 BLOCK
2218 607 617 423 BLOCK
2218 475 120 132 OVERLAP
GPC6 341718 1025 1736 617 555 SOFT_BLOCK
3 2
1072 2130 550 161 BLOCK
1025 1736 617 213 BLOCK
1025 1949 597 181 BLOCK
1622 1949 20 342 OVERLAP
1025 2130 47 161 OVERLAP
GPC7 341718 1622 1949 617 555 SOFT_BLOCK
2 1
1642 1949 597 342 BLOCK
1622 2291 617 213 BLOCK
1622 1949 20 342 OVERLAP
GPC8 341718 2254 1994 617 555 SOFT_BLOCK
2 1
2254 1994 596 306 BLOCK
2254 2300 617 249 BLOCK
2850 1994 21 306 OVERLAP
CA0 664452 156 942 860 774 SOFT_BLOCK
2 1
156 942 790 293 BLOCK
156 1235 860 481 BLOCK
946 942 70 293 OVERLAP
CA1 664452 1964 1139 860 774 SOFT_BLOCK
2 1
2200 1139 624 92 BLOCK
1964 1231 860 682 BLOCK
1964 1139 236 92 OVERLAP
CB 227813 1305 1241 504 453 SOFT_BLOCK
1 0
1305 1241 504 453 BLOCK
TPC0 53160 229 2361 244 219 SOFT_BLOCK
1 0
229 2361 244 219 BLOCK
TPC1 53160 484 2313 244 219 SOFT_BLOCK
2 1
484 2313 232 138 BLOCK
484 2451 244 81 BLOCK
716 2313 12 138 OVERLAP
TPC2 53160 157 2076 244 219 SOFT_BLOCK
1 0
157 2076 244 219 BLOCK
TPC3 53160 421 2063 244 219 SOFT_BLOCK
2 1
421 2063 239 15 BLOCK
421 2078 244 204 BLOCK
660 2063 5 15 OVERLAP
TPC4 53160 151 1771 244 219 SOFT_BLOCK
1 0
151 1771 244 219 BLOCK
TPC5 53160 402 1805 244 219 SOFT_BLOCK
1 0
402 1805 244 219 BLOCK
CPC0 113910 1024 2349 356 321 SOFT_BLOCK
2 1
1072 2349 308 102 BLOCK
1024 2451 356 219 BLOCK
1024 2349 48 102 OVERLAP
CPC1 113910 716 2130 356 321 SOFT_BLOCK
4 3
716 2130 309 161 BLOCK
728 2349 296 102 BLOCK
716 2291 356 22 BLOCK
728 2313 344 36 BLOCK
1025 2130 47 161 OVERLAP
716 2313 12 138 OVERLAP
1024 2349 48 102 OVERLAP
CPC2 113910 660 1757 356 321 SOFT_BLOCK
2 1
665 2063 351 15 BLOCK
660 1757 356 306 BLOCK
660 2063 5 15 OVERLAP
PAD0 67500 0 100 150 450 HARD_BLOCK
1 0
0 100 150 450 BLOCK
PAD1 67500 0 700 150 450 HARD_BLOCK
1 1
0 700 150 450 BLOCK
0 1150 150 0 OVERLAP
PAD2 67500 0 1150 150 450 HARD_BLOCK
1 1
0 1150 150 450 BLOCK
0 1150 150 0 OVERLAP
PAD3 67500 0 1800 150 450 HARD_BLOCK
1 1
0 1800 150 450 BLOCK
0 2250 150 0 OVERLAP
PAD4 67500 0 2250 150 450 HARD_BLOCK
1 1
0 2250 150 450 BLOCK
0 2250 150 0 OVERLAP
PAD5 67500 500 2550 450 150 HARD_BLOCK
1 0
500 2550 450 150 BLOCK
PAD6 67500 1500 2550 450 150 HARD_BLOCK
1 0
1500 2550 450 150 BLOCK
PAD7 67500 2000 2550 450 150 HARD_BLOCK
1 0
2000 2550 450 150 BLOCK
PAD8 67500 2850 1850 150 450 HARD_BLOCK
2 2
2871 1994 129 306 BLOCK
2850 1850 150 144 BLOCK
2850 1994 21 306 OVERLAP
2850 1850 150 0 OVERLAP
PAD9 67500 2850 1400 150 450 HARD_BLOCK
1 1
2850 1400 150 450 BLOCK
2850 1850 150 0 OVERLAP
PAD10 67500 2850 850 150 450 HARD_BLOCK
1 1
2850 850 150 450 BLOCK
2850 850 150 0 OVERLAP
PAD11 67500 2850 400 150 450 HARD_BLOCK
1 1
2850 400 150 450 BLOCK
2850 850 150 0 OVERLAP
PAD12 67500 400 0 450 150 HARD_BLOCK
2 1
400 52 411 98 BLOCK
400 0 450 52 BLOCK
811 52 39 98 OVERLAP
0 550 171 150 BLANK_TILE
150 700 21 117 BLANK_TILE
150 817 796 125 BLANK_TILE
0 1716 1964 20 BLANK_TILE
1642 1736 322 177 BLANK_TILE
1642 1913 1208 36 BLANK_TILE
2239 1949 611 45 BLANK_TILE
1380 2549 1620 1 BLANK_TILE
2450 2550 550 150 BLANK_TILE
1950 2550 50 150 BLANK_TILE
1380 2550 120 120 BLANK_TILE
950 2670 550 30 BLANK_TILE
950 2550 74 120 BLANK_TILE
473 2532 551 18 BLANK_TILE
473 2361 11 171 BLANK_TILE
150 2313 334 48 BLANK_TILE
150 2295 566 18 BLANK_TILE
728 2451 296 81 BLANK_TILE
1072 2291 550 58 BLANK_TILE
1380 2349 242 102 BLANK_TILE
1380 2451 242 53 BLANK_TILE
1380 2504 874 45 BLANK_TILE
0 1736 1025 21 BLANK_TILE
1016 1757 9 321 BLANK_TILE
665 2078 360 52 BLANK_TILE
401 2282 315 13 BLANK_TILE
401 2076 20 206 BLANK_TILE
150 2063 271 13 BLANK_TILE
150 2024 510 39 BLANK_TILE
665 2130 51 152 BLANK_TILE
0 1757 660 14 BLANK_TILE
395 1771 265 34 BLANK_TILE
646 1805 14 219 BLANK_TILE
395 1805 7 185 BLANK_TILE
150 1990 252 34 BLANK_TILE
150 1800 1 190 BLANK_TILE
0 1771 151 29 BLANK_TILE
150 2580 350 120 BLANK_TILE
150 2361 79 219 BLANK_TILE
473 2550 27 30 BLANK_TILE
150 2076 7 219 BLANK_TILE
2239 1994 15 510 BLANK_TILE
2871 2300 129 249 BLANK_TILE
2824 1300 176 100 BLANK_TILE
2824 1231 26 69 BLANK_TILE
2824 1139 26 92 BLANK_TILE
2200 1030 650 109 BLANK_TILE
2200 676 18 354 BLANK_TILE
788 607 1430 69 BLANK_TILE
788 262 23 345 BLANK_TILE
150 150 661 112 BLANK_TILE
150 100 250 50 BLANK_TILE
0 0 400 100 BLANK_TILE
1428 52 293 555 BLANK_TILE
850 0 2150 52 BLANK_TILE
2338 52 662 348 BLANK_TILE
2835 475 15 555 BLANK_TILE
2338 400 512 75 BLANK_TILE
150 262 21 288 BLANK_TILE
788 680 158 137 BLANK_TILE
788 676 795 4 BLANK_TILE
1563 680 20 551 BLANK_TILE
1563 1231 401 4 BLANK_TILE
1016 1235 948 6 BLANK_TILE
1809 1241 155 453 BLANK_TILE
1016 1694 948 22 BLANK_TILE
1016 1241 289 453 BLANK_TILE
2824 1400 26 513 BLANK_TILE
0 1600 156 116 BLANK_TILE
150 942 6 658 BLANK_TILE
CONNECTION 0
